197575967
186654067
53008666
744636515
499640518
235134025
434541190
374509951
499398594
741744435
173533022
367510036
228941718
262030809
399736264
269979603
234264762
373620385
305096077
398521668
153740791
139824245
357358069
249335867
322798073
62720906
152140107
333585719
359014722
202258317
62949881
245770683
165594890
65704008
528371803
171907622
182878754
584730627
206645166
489341282
81833709
505302564
192627346
277633495
374498079
163177089
